21 0.15359477124183007 0.23210161662817552 0.23529411764705882 0.21478060046189376
21 0.3897058823529412 0.2228637413394919 0.2107843137254902 0.23787528868360278
21 0.6184640522875817 0.18822170900692842 0.20098039215686275 0.26558891454965355
21 0.8480392156862745 0.20554272517321015 0.2222222222222222 0.2678983833718245
21 0.8643790849673203 0.5404157043879908 0.2222222222222222 0.21709006928406466
21 0.6299019607843137 0.5323325635103926 0.2238562091503268 0.21478060046189376
21 0.3946078431372549 0.5103926096997691 0.22712418300653595 0.24480369515011546
21 0.16013071895424835 0.5161662817551963 0.23529411764705882 0.24249422632794457
21 0.14787581699346405 0.8048498845265589 0.20751633986928106 0.2517321016166282
21 0.36764705882352944 0.8163972286374134 0.21568627450980393 0.26558891454965355
21 0.5980392156862745 0.8210161662817552 0.2222222222222222 0.25635103926096997
21 0.8472222222222222 0.8233256351039261 0.2565359477124183 0.25635103926096997
