18 0.20098039215686275 0.7867647058823529 0.19281045751633988 0.35784313725490197
18 0.43218954248366015 0.8259803921568627 0.2434640522875817 0.3431372549019608
18 0.6078431372549019 0.6323529411764706 0.12418300653594772 0.3284313725490196
18 0.7344771241830066 0.7230392156862745 0.119281045751634 0.39705882352941174
18 0.8284313725490197 0.44730392156862747 0.13725490196078433 0.6348039215686274
18 0.20833333333333334 0.25857843137254904 0.07352941176470588 0.24754901960784315
18 0.12336601307189543 0.4411764705882353 0.08660130718954248 0.24019607843137256
18 0.4264705882352941 0.38848039215686275 0.11437908496732026 0.375
18 0.6062091503267973 0.35171568627450983 0.10784313725490197 0.23284313725490197
18 0.6887254901960784 0.16176470588235295 0.10620915032679738 0.31862745098039214
18 0.35294117647058826 0.09436274509803921 0.1503267973856209 0.17892156862745098
18 0.5392156862745098 0.12745098039215685 0.14052287581699346 0.2549019607843137
