9 0.49019607843137253 0.25679012345679014 0.48366013071895425 0.2518518518518518
18 0.06781045751633986 0.6197530864197531 0.014705882352941176 0.03950617283950617
18 0.049836601307189546 0.7925925925925926 0.021241830065359478 0.0345679012345679
18 0.12173202614379085 0.7716049382716049 0.014705882352941176 0.027160493827160494
18 0.12173202614379085 0.6555555555555556 0.014705882352941176 0.03209876543209877
18 0.05228758169934641 0.7888888888888889 0.026143790849673203 0.056790123456790124
18 0.7320261437908496 0.7703703703703704 0.026143790849673203 0.024691358024691357
18 0.7647058823529411 0.6469135802469136 0.0392156862745098 0.02962962962962963
18 0.8480392156862745 0.6432098765432098 0.03594771241830065 0.037037037037037035
18 0.9379084967320261 0.6407407407407407 0.0457516339869281 0.037037037037037035
18 0.4166666666666667 0.6432098765432098 0.0457516339869281 0.03209876543209877
18 0.5040849673202614 0.6407407407407407 0.04411764705882353 0.037037037037037035
